91000,13401,1,0,0
91000,13501,2,0,0
91000,13503,3,0,0
91000,13505,4,0,0
91000,13301,5,0,0
91000,13303,6,0,0
91000,13305,7,0,0
91000,13307,8,0,0
91000,13309,9,0,0
91000,13311,10,0,0
91000,13313,11,0,0
91000,13315,12,0,0
91000,13317,13,0,0
91000,13211,14,0,0
91000,13203,15,0,0
91000,13205,16,0,0
91000,13207,17,0,0
91000,13209,18,0,0
91000,13201,19,0,0
91000,13213,20,0,0
91000,12409,21,0,0
91000,12411,22,0,0
91000,12413,23,0,0
91000,12415,24,0,0
91000,12417,25,0,0
91000,12419,26,0,0
91000,12421,27,0,0
91000,12301,28,0,0
91000,12303,29,0,0
91000,12401,30,0,0
91000,12403,31,0,0
91000,12405,32,0,0
91000,12407,33,0,0
91000,12208,34,0,0
91000,12101,35,0,0
91000,11302,36,0,0
91000,11304,37,0,0
91000,11306,38,0,0
91000,11308,39,0,0
91000,11202,40,0,0
91000,11204,41,0,0
91000,11206,42,0,0
91000,11310,43,0,0
91000,11312,44,0,0
91000,11314,45,0,0
91000,11101,46,0,0
91000,11103,47,0,0
91000,11105,48,0,0
91000,11107,49,0,0
91000,11109,50,0,0
91000,10304,51,0,0
91000,10306,52,0,0
91000,10308,53,0,0
91000,10310,54,0,0
91000,10312,55,0,0
91000,10314,56,0,0
91000,10316,57,0,0
91000,10214,58,0,0
91000,10203,59,0,0
91000,10205,60,0,0
91000,10207,61,0,0
91000,10209,62,0,0
91000,10211,63,0,0
91000,10213,64,0,0
91000,10215,65,0,0
91000,10101,66,0,0
91000,10103,67,0,0
91000,10105,68,0,0
91000,10107,69,0,0
91000,10109,70,0,0
91000,10111,71,0,0
91000,10113,72,0,0
91000,91001,73,1,0
91000,91007,74,1,0
91000,91008,75,1,0
91000,91013,76,1,0
91000,91250,77,1,0
91000,91242,78,1,0
91000,91246,79,1,0
91000,91222,80,1,0
91000,91223,81,1,0
91000,91251,82,1,1
91001,91251,1,0,0
91001,91220,2,0,0
91001,91221,3,0,0
91001,91249,4,0,0
91001,91243,5,0,0
91001,91244,6,0,0
91001,91245,7,0,0
91001,91009,8,0,0
91001,91014,9,0,0
91001,91001,10,0,0
91001,10160,11,0,0
91001,10112,12,0,0
91001,10110,13,0,0
91001,10108,14,0,0
91001,10106,15,0,0
91001,10104,16,0,0
91001,10102,17,0,0
91001,10216,18,0,0
91001,10201,19,0,0
91001,10212,20,0,0
91001,10210,21,0,0
91001,10208,22,0,0
91001,10206,23,0,0
91001,10204,24,0,0
91001,10202,25,0,0
91001,10317,26,0,0
91001,10315,27,0,0
91001,10313,28,0,0
91001,10311,29,0,0
91001,10309,30,0,0
91001,10307,31,0,0
91001,10305,32,0,0
91001,11110,33,0,0
91001,11108,34,0,0
91001,11106,35,0,0
91001,11104,36,0,0
91001,11102,37,0,0
91001,11301,38,0,0
91001,11313,39,0,0
91001,11311,40,0,0
91001,11207,41,0,0
91001,11205,42,0,0
91001,11203,43,0,0
91001,11309,44,0,0
91001,11307,45,0,0
91001,11305,46,0,0
91001,11303,47,0,0
91001,12102,48,0,0
91001,12202,49,0,0
91001,12408,50,0,0
91001,12406,51,0,0
91001,12404,52,0,0
91001,12402,53,0,0
91001,12304,54,0,0
91001,12301,55,0,0
91001,12422,56,0,0
91001,12420,57,0,0
91001,12418,58,0,0
91001,12416,59,0,0
91001,12414,60,0,0
91001,12412,61,0,0
91001,12410,62,0,0
91001,13214,63,0,0
91001,13212,64,0,0
91001,13210,65,0,0
91001,13208,66,0,0
91001,13206,67,0,0
91001,13204,68,0,0
91001,13202,69,0,0
91001,13329,70,0,0
91001,13316,71,0,0
91001,13314,72,0,0
91001,13312,73,0,0
91001,13310,74,0,0
91001,13308,75,0,0
91001,13306,76,0,0
91001,13304,77,0,0
91001,13302,78,0,0
91001,13506,79,0,0
91001,13504,80,0,0
91001,13502,81,0,0
91001,13402,82,1,1
92100,21301,1,0,0
92100,21318,2,0,0
92100,21305,3,0,0
92100,21319,4,0,0
92100,21311,5,0,0
92100,21314,6,0,0
92100,21309,7,0,0
92100,21316,8,0,0
92100,21317,9,0,0
92100,23112,10,0,0
92100,23101,11,0,0
92100,23115,12,0,0
92100,23117,13,0,0
92100,24117,14,0,0
92100,24118,15,0,0
92100,26106,16,0,0
92100,26135,17,0,0
92100,26101,18,0,0
92100,26102,19,0,0
92100,26139,20,0,0
92100,91226,21,1,0
92100,91248,22,1,0
92100,91201,23,1,0
92100,91218,24,1,1
92101,91226,1,0,0
92101,91248,2,0,0
92101,91201,3,0,0
92101,91218,4,0,0
92101,26145,5,0,0
92101,26103,6,0,0
92101,26105,7,0,0
92101,26135,8,0,0
92101,26104,9,0,0
92101,24125,10,0,0
92101,24108,11,0,0
92101,24126,12,0,0
92101,23116,13,0,0
92101,23114,14,0,0
92101,23101,15,0,0
92101,23113,16,0,0
92101,21310,17,0,0
92101,21315,18,0,0
92101,21308,19,0,0
92101,21313,20,0,0
92101,21307,21,0,0
92101,21306,22,0,0
92101,21304,23,0,0
92101,21312,24,0,0
92101,21301,25,1,1
92300,21301,1,0,0
92300,21318,2,0,0
92300,21305,3,0,0
92300,21319,4,0,0
92300,21311,5,0,0
92300,21314,6,0,0
92300,21309,7,0,0
92300,21316,8,0,0
92300,21317,9,0,0
92300,23112,10,0,0
92300,23121,11,0,0
92300,23120,12,0,0
92300,23160,13,0,0
92300,23106,14,0,0
92300,23107,15,0,0
92300,23109,16,0,0
92300,23111,17,0,0
92300,23101,18,0,0
92300,23115,19,0,0
92300,23117,20,0,0
92300,24117,21,0,0
92300,24118,22,0,0
92300,24101,23,0,0
92300,24103,24,0,0
92300,24128,25,0,0
92300,24119,26,0,0
92300,25120,27,0,0
92300,25124,28,0,0
92300,25125,29,0,0
92300,25129,30,0,0
92300,25130,31,0,0
92300,25131,32,0,0
92300,25132,33,0,0
92300,25221,34,0,0
92300,25222,35,0,0
92300,25202,36,0,0
92300,25223,37,0,0
92300,25224,38,0,0
92300,25225,39,0,0
92300,25226,40,0,0
92300,25203,41,0,0
92300,25205,42,0,0
92300,26203,43,0,0
92300,26216,44,0,0
92300,26202,45,0,0
92300,26106,46,0,0
92300,26135,47,0,0
92300,26101,48,0,0
92300,26102,49,0,0
92300,26139,50,0,0
92300,26140,51,0,0
92300,26141,52,0,0
92300,26142,53,0,0
92300,26108,54,0,0
92300,26143,55,0,0
92300,26110,56,0,0
92300,27121,57,0,0
92300,27122,58,0,0
92300,27123,59,0,0
92300,27124,60,0,0
92300,27101,61,0,0
92300,91208,62,1,0
92300,91210,63,1,0
92300,91211,64,1,0
92300,91213,65,1,0
92300,91215,66,1,0
92300,91247,67,1,0
92300,91226,68,1,0
92300,91248,69,1,0
92300,91201,70,1,0
92300,91218,71,1,1
92301,91226,1,0,0
92301,91248,2,0,0
92301,91201,3,0,0
92301,91218,4,0,0
92301,91217,5,0,0
92301,91216,6,0,0
92301,91214,7,0,0
92301,91212,8,0,0
92301,91209,9,0,0
92301,91205,10,0,0
92301,27102,11,0,0
92301,27117,12,0,0
92301,27118,13,0,0
92301,27119,14,0,0
92301,27120,15,0,0
92301,26109,16,0,0
92301,26144,17,0,0
92301,26136,18,0,0
92301,26137,19,0,0
92301,26107,20,0,0
92301,26138,21,0,0
92301,26145,22,0,0
92301,26103,23,0,0
92301,26105,24,0,0
92301,26135,25,0,0
92301,26104,26,0,0
92301,26201,27,0,0
92301,26217,28,0,0
92301,26218,29,0,0
92301,25201,30,0,0
92301,25204,31,0,0
92301,25227,32,0,0
92301,25228,33,0,0
92301,25229,34,0,0
92301,25230,35,0,0
92301,25231,36,0,0
92301,25232,37,0,0
92301,25233,38,0,0
92301,25133,39,0,0
92301,25134,40,0,0
92301,25135,41,0,0
92301,25136,42,0,0
92301,25137,43,0,0
92301,25138,44,0,0
92301,25139,45,0,0
92301,25140,46,0,0
92301,24123,47,0,0
92301,24124,48,0,0
92301,24199,49,0,0
92301,24125,50,0,0
92301,24108,51,0,0
92301,24126,52,0,0
92301,23116,53,0,0
92301,23114,54,0,0
92301,23101,55,0,0
92301,23103,56,0,0
92301,23110,57,0,0
92301,23108,58,0,0
92301,23105,59,0,0
92301,23104,60,0,0
92301,23119,61,0,0
92301,23118,62,0,0
92301,23113,63,0,0
92301,21310,64,0,0
92301,21315,65,0,0
92301,21308,66,0,0
92301,21313,67,0,0
92301,21307,68,0,0
92301,21306,69,0,0
92301,21304,70,0,0
92301,21312,71,0,0
92301,21301,72,1,1
92400,21301,1,0,0
92400,21318,2,0,0
92400,21305,3,0,0
92400,21319,4,0,0
92400,21311,5,0,0
92400,21314,6,0,0
92400,21309,7,0,0
92400,21316,8,0,0
92400,21317,9,0,0
92400,23112,10,0,0
92400,23101,11,0,0
92400,23115,12,0,0
92400,23117,13,0,0
92400,24117,14,0,0
92400,24118,15,0,0
92400,24101,16,0,0
92400,24103,17,0,0
92400,24128,18,0,0
92400,24119,19,0,0
92400,25120,20,0,0
92400,25124,21,0,0
92400,25125,22,0,0
92400,25129,23,0,0
92400,25130,24,0,0
92400,25131,25,0,0
92400,25132,26,0,0
92400,25221,27,0,0
92400,25222,28,0,0
92400,25202,29,0,0
92400,25223,30,0,0
92400,25224,31,0,0
92400,25225,32,0,0
92400,25226,33,0,0
92400,25203,34,0,0
92400,25205,35,0,0
92400,26203,36,0,0
92400,26216,37,0,0
92400,26202,38,0,0
92400,26106,39,0,0
92400,26135,40,0,0
92400,26101,41,0,0
92400,26102,42,0,0
92400,26139,43,0,0
92400,91226,44,1,0
92400,91248,45,1,0
92400,91201,46,1,1
92401,91226,1,0,0
92401,91248,2,0,0
92401,91201,3,0,0
92401,91218,4,0,0
92401,26145,5,0,0
92401,26103,6,0,0
92401,26105,7,0,0
92401,26135,8,0,0
92401,26104,9,0,0
92401,26201,10,0,0
92401,26217,11,0,0
92401,26218,12,0,0
92401,25201,13,0,0
92401,25204,14,0,0
92401,25227,15,0,0
92401,25228,16,0,0
92401,25229,17,0,0
92401,25230,18,0,0
92401,25231,19,0,0
92401,25232,20,0,0
92401,25233,21,0,0
92401,25133,22,0,0
92401,25134,23,0,0
92401,25135,24,0,0
92401,25136,25,0,0
92401,25137,26,0,0
92401,25138,27,0,0
92401,25139,28,0,0
92401,25140,29,0,0
92401,24123,30,0,0
92401,24124,31,0,0
92401,24102,32,0,0
92401,24199,33,0,0
92401,24125,34,0,0
92401,24108,35,0,0
92401,24126,36,0,0
92401,23116,37,0,0
92401,23114,38,0,0
92401,23101,39,0,0
92401,23113,40,0,0
92401,21310,41,0,0
92401,21315,42,0,0
92401,21308,43,0,0
92401,21313,44,0,0
92401,21307,45,0,0
92401,21306,46,0,0
92401,21304,47,0,0
92401,21312,48,0,0
92401,21301,49,1,1
92500,21301,1,0,0
92500,21318,2,0,0
92500,21305,3,0,0
92500,21319,4,0,0
92500,21311,5,0,0
92500,21314,6,0,0
92500,21309,7,0,0
92500,21316,8,0,0
92500,21317,9,0,0
92500,23112,10,0,0
92500,23101,11,0,0
92500,23115,12,0,0
92500,23117,13,0,0
92500,24117,14,0,0
92500,24118,15,0,0
92500,24101,16,0,0
92500,24103,17,0,0
92500,24128,18,0,0
92500,24119,19,0,0
92500,25120,20,0,0
92500,25124,21,0,0
92500,25125,22,0,0
92500,25129,23,0,0
92500,25130,24,0,0
92500,25131,25,0,0
92500,25132,26,0,0
92500,25221,27,0,0
92500,25222,28,0,0
92500,25202,29,0,0
92500,25223,30,0,0
92500,25224,31,0,0
92500,25225,32,0,0
92500,25226,33,0,0
92500,25203,34,0,0
92500,25205,35,0,0
92500,26203,36,0,0
92500,26216,37,0,0
92500,26202,38,0,0
92500,26106,39,0,0
92500,26135,40,0,0
92500,26101,41,0,0
92500,27201,42,0,0
92500,27204,43,0,0
92500,27206,44,0,0
92500,27207,45,0,0
92500,27222,46,0,0
92500,27209,47,0,0
92500,27211,48,0,0
92500,27226,49,0,0
92500,27213,50,0,0
92500,91251,51,1,0
92500,91220,52,1,0
92500,91221,53,1,0
92500,91246,54,1,0
92500,91225,55,1,0
92500,91248,56,1,0
92500,91201,57,1,1
92501,91201,1,0,0
92501,91218,2,0,0
92501,91226,3,0,0
92501,91224,4,0,0
92501,91249,5,0,0
92501,91222,6,0,0
92501,91223,7,0,0
92501,91251,8,0,0
92501,27212,9,0,0
92501,27224,10,0,0
92501,27210,11,0,0
92501,27208,12,0,0
92501,27223,13,0,0
92501,27225,14,0,0
92501,27205,15,0,0
92501,27203,16,0,0
92501,27202,17,0,0
92501,26105,18,0,0
92501,26135,19,0,0
92501,26104,20,0,0
92501,26201,21,0,0
92501,26217,22,0,0
92501,26218,23,0,0
92501,25201,24,0,0
92501,25204,25,0,0
92501,25227,26,0,0
92501,25228,27,0,0
92501,25229,28,0,0
92501,25230,29,0,0
92501,25231,30,0,0
92501,25232,31,0,0
92501,25233,32,0,0
92501,25133,33,0,0
92501,25134,34,0,0
92501,25135,35,0,0
92501,25136,36,0,0
92501,25137,37,0,0
92501,25138,38,0,0
92501,25139,39,0,0
92501,25140,40,0,0
92501,24123,41,0,0
92501,24124,42,0,0
92501,24102,43,0,0
92501,24199,44,0,0
92501,24125,45,0,0
92501,24108,46,0,0
92501,24126,47,0,0
92501,23116,48,0,0
92501,23114,49,0,0
92501,23101,50,0,0
92501,23113,51,0,0
92501,21310,52,0,0
92501,21315,53,0,0
92501,21308,54,0,0
92501,21313,55,0,0
92501,21307,56,0,0
92501,21306,57,0,0
92501,21304,58,0,0
92501,21312,59,0,0
92501,21301,60,1,1
93100,31201,1,0,0
93100,30136,2,0,0
93100,30102,3,0,0
93100,30151,4,0,0
93100,30138,5,0,0
93100,30139,6,0,0
93100,30142,7,0,0
93100,30144,8,0,0
93100,30146,9,0,0
93100,30148,10,0,0
93100,30247,11,0,0
93100,30248,12,0,0
93100,30249,13,0,0
93100,30251,14,0,0
93100,30203,15,0,0
93100,30205,16,0,0
93100,91306,17,1,0
93100,91326,18,1,0
93100,91308,19,1,0
93100,91309,20,1,0
93100,91301,21,1,1
93101,91301,1,0,0
93101,91310,2,0,0
93101,91307,3,0,0
93101,91325,4,0,0
93101,91305,5,0,0
93101,30206,6,0,0
93101,30204,7,0,0
93101,30250,8,0,0
93101,30253,9,0,0
93101,30202,10,0,0
93101,30260,11,0,0
93101,30147,12,0,0
93101,30145,13,0,0
93101,30143,14,0,0
93101,30141,15,0,0
93101,30140,16,0,0
93101,30137,17,0,0
93101,30150,18,0,0
93101,30149,19,0,0
93101,30153,20,0,0
93101,31201,21,1,1
93200,31201,1,0,0
93200,30136,2,0,0
93200,30102,3,0,0
93200,30151,4,0,0
93200,30138,5,0,0
93200,30139,6,0,0
93200,30142,7,0,0
93200,30144,8,0,0
93200,30146,9,0,0
93200,30148,10,0,0
93200,30247,11,0,0
93200,30207,12,0,0
93200,30208,13,0,0
93200,30209,14,0,0
93200,30254,15,0,0
93200,30255,16,0,0
93200,30256,17,0,0
93200,30232,18,0,0
93200,30234,19,0,0
93200,30236,20,0,0
93200,30238,21,0,0
93200,30240,22,0,0
93200,30242,23,0,0
93200,30244,24,0,0
93200,30246,25,0,0
93200,30248,26,0,0
93200,30249,27,0,0
93200,30251,28,0,0
93200,30203,29,0,0
93200,30205,30,0,0
93200,91306,31,1,0
93200,91326,32,1,0
93200,91208,33,1,0
93200,91210,34,1,0
93200,91211,35,1,0
93200,91213,36,1,0
93200,91215,37,1,0
93200,91247,38,1,0
93200,91241,39,1,0
93200,91224,40,1,0
93200,91249,41,1,0
93200,91222,42,1,0
93200,91223,43,1,0
93200,91251,44,1,1
93201,91251,1,0,0
93201,91220,2,0,0
93201,91221,3,0,0
93201,91246,4,0,0
93201,91225,5,0,0
93201,91248,6,0,0
93201,91201,7,0,0
93201,91218,8,0,0
93201,91217,9,0,0
93201,91216,10,0,0
93201,91214,11,0,0
93201,91212,12,0,0
93201,91209,13,0,0
93201,91205,14,0,0
93201,91325,15,0,0
93201,91305,16,0,0
93201,30206,17,0,0
93201,30204,18,0,0
93201,30250,19,0,0
93201,30253,20,0,0
93201,30202,21,0,0
93201,30201,22,0,0
93201,30245,23,0,0
93201,30243,24,0,0
93201,30241,25,0,0
93201,30239,26,0,0
93201,30237,27,0,0
93201,30235,28,0,0
93201,30233,29,0,0
93201,30257,30,0,0
93201,30258,31,0,0
93201,30259,32,0,0
93201,30213,33,0,0
93201,30214,34,0,0
93201,30215,35,0,0
93201,30252,36,0,0
93201,30147,37,0,0
93201,30145,38,0,0
93201,30143,39,0,0
93201,30141,40,0,0
93201,30140,41,0,0
93201,30137,42,0,0
93201,30150,43,0,0
93201,30149,44,0,0
93201,30153,45,0,0
93201,31201,46,1,1
94000,41101,1,0,0
94000,41123,2,0,0
94000,41121,3,0,0
94000,41119,4,0,0
94000,41112,5,0,0
94000,41110,6,0,0
94000,41158,7,0,0
94000,41107,8,0,0
94000,41116,9,0,0
94000,41105,10,0,0
94000,41115,11,0,0
94000,40113,12,0,0
94000,40117,13,0,0
94000,40119,14,0,0
94000,40112,15,0,0
94000,40110,16,0,0
94000,91406,17,1,0
94000,91401,18,1,1
94001,91401,1,0,0
94001,91407,2,0,0
94001,40114,3,0,0
94001,40111,4,0,0
94001,40118,5,0,0
94001,40116,6,0,0
94001,40115,7,0,0
94001,41149,8,0,0
94001,41156,9,0,0
94001,41117,10,0,0
94001,41160,11,0,0
94001,41104,12,0,0
94001,41109,13,0,0
94001,41111,14,0,0
94001,41118,15,0,0
94001,41113,16,0,0
94001,41120,17,0,0
94001,41122,18,0,0
94001,41114,19,1,1
